114520
124586
120867
111787
127472
119633
122294
126175
127633
114856
114404
118366
126424
127573
127680
131747
127954
120072
127728
130826
115392
124512
129290
113318
125679
128867
116656
126778
126733
116134
128983
124246
134583
126662
133647
124788
111734
128747
127371
135837
127006
125650
122120
135170
134347
131939
142251
132517
145713
134446
124011
104687
132199
130136
138747
127502
137313
128745
128286
134924
140697
130380
125189
132569
117856
127848
133176
140650
128255
135119
128944
141055
136219
130692
127633
141116
135684
122313
128031
133058
127617
140605
131449
142945
141565
133598
137774
133568
140710
131301
137177
139545
134262
131086
149499
133056
139618
119034
136994
114067
