4959033
5416966
5505080
5433806
5144526
6107701
5726798
5464821
5521674
5006902
5196755
6110988
6676465
5448939
5156926
4759873
5185955
4850902
4960561
4805376
4724661
4741123
4748022
5285085
5572930
5031470
5603102
5103760
5435044
5687961
5108679
5766408
5511286
5170159
5173070
6001853
5864497
5481189
5820276
5099289
6049707
5019840
5365031
5470797
4967788
5005101
5131485
4966763
5021254
4966972
5108739
5033737
4953380
5027242
5146889
5414920
6287401
5082968
5646751
5087460
5085474
5356279
5486282
5263940
5180795
5175093
5621853
5355075
5332174
5447819
5375576
5210874
5810859
5703390
5954414
4965522
5648001
5419626
5796856
5883536
6212243
5490192
5574730
5223122
4937205
4984713
4892102
4847094
5042692
5324578
5437792
5898639
5524544
6091333
6232226
6245569
6575320
6191696
6360762
5687266
