7706890
7804633
9171655
8484474
9737264
10619380
9154085
10119282
8969662
8987613
7822308
9031332
8656191
9243401
9361868
10158884
9875975
10749223
9985441
9348817
9207110
8797996
8885262
9792993
10229322
9086425
9313001
9015873
9592647
8766332
8754660
9234173
8854867
8510214
10540703
8589194
9751430
8407475
8887732
9209982
10692254
9176061
9722104
8579288
8613059
10336125
10029292
9010420
9359025
8396097
10349038
11510141
12022976
9988940
10902863
10636675
10348777
8551846
9841804
9258607
9086870
10490674
9746731
8891122
8867819
10892829
12320713
9469462
13169294
8873745
9505428
8708787
9025261
9248021
11234891
11050168
9557278
9964831
9127441
9155760
8739684
9761337
12042666
11369806
10674190
10395020
10826069
11205687
10596383
8883866
8534916
9162556
8169522
9040537
8920850
8307258
8819796
8643274
9737661
8833721
