30329 30346
28639 28658
29209 29227
27888 27906
28222 28239
28288 28306
28744 28762
28483 28500
27919 27936
28363 28380
28207 28225
28704 28722
28788 28807
28134 28151
28756 28773
28365 28382
29104 29121
28257 28275
28594 28610
28769 28788
27795 27814
28092 28110
27746 27763
27484 27501
28629 28646
28055 28073
28069 28086
28074 28092
28571 28591
28000 28017
28414 28436
30601 30620
28805 28822
28594 28611
29651 29669
28040 28058
27898 27916
28810 28828
28199 28216
28149 28167
28515 28532
27517 27534
28254 28271
28636 28653
27660 27679
27720 27737
28327 28344
28580 28598
28560 28578
28318 28336
28825 28844
28075 28092
28489 28507
28654 28672
29054 29072
28563 28580
28666 28683
28677 28695
27996 28013
28648 28666
28723 28742
27922 27939
27510 27529
28229 28246
28098 28118
28226 28244
28258 28275
29558 29579
28985 29003
29061 29079
29307 29325
29025 29043
28699 28717
29985 30003
30003 30020
30008 30028
29378 29396
28626 28644
28920 28937
28458 28476
28951 28969
27733 27751
28566 28583
28481 28503
28644 28662
29124 29145
28985 29001
28666 28684
28287 28305
28051 28069
29039 29056
28543 28560
27806 27824
28581 28603
28384 28401
27729 27746
27580 27598
27971 27993
28213 28231
27831 27849
