5362 5369
5719 5726
5562 5569
5476 5483
5332 5340
5701 5708
5585 5591
5737 5745
5319 5327
5603 5611
5434 5441
5415 5422
5283 5290
5471 5480
5706 5714
5646 5653
5619 5626
5411 5417
5548 5556
5425 5432
5877 5884
5886 5894
5426 5433
5536 5543
5609 5616
5591 5598
5779 5787
6594 6601
6228 6236
5980 5988
5662 5669
5595 5603
5822 5830
5920 5928
5901 5909
5908 5917
5555 5563
5742 5749
5777 5785
5721 5729
5471 5480
5721 5728
5758 5765
5723 5731
5620 5628
5804 5812
6385 6394
6009 6017
5612 5620
5802 5810
5619 5627
5839 5847
5789 5797
5601 5610
5813 5821
5791 5799
5840 5849
6207 6215
6372 6382
5804 5812
6146 6154
5886 5894
5827 5835
5966 5975
5936 5945
5992 6001
5878 5887
5744 5753
5886 5894
5746 5753
5731 5739
5635 5643
5917 5925
5706 5713
6231 6239
5789 5797
5820 5828
5924 5932
5792 5801
6202 6210
6133 6141
5683 5694
5673 5681
5884 5893
5566 5577
5867 5875
6012 6021
6015 6023
6037 6045
5625 5632
5898 5906
5756 5764
5863 5870
5384 5391
5629 5637
5852 5859
5600 5607
5599 5608
5512 5519
5947 5956
