25926 25941
24786 24802
25285 25301
25332 25348
25436 25450
25053 25068
25725 25740
25265 25280
25418 25432
24968 24982
25235 25250
25521 25536
24559 24573
25474 25489
25615 25630
25202 25217
25596 25612
25645 25660
25168 25184
25531 25546
25227 25243
25803 25818
25478 25492
24960 24975
25983 25998
25759 25773
25638 25654
25282 25298
25608 25622
26990 27006
25806 25821
25380 25394
25740 25754
24962 24978
25045 25060
27053 27068
25916 25932
25425 25440
25107 25122
25373 25388
25221 25236
25501 25514
26030 26046
25347 25361
25719 25734
25129 25145
25535 25549
25266 25280
25296 25312
25934 25948
25657 25671
25038 25053
25441 25455
24912 24927
25583 25598
25315 25330
26555 26570
25290 25305
26375 26390
25452 25467
25716 25732
25062 25079
25607 25622
25637 25652
24952 24966
25306 25322
25673 25688
25806 25820
25107 25121
25614 25629
25315 25330
25303 25318
25542 25557
24925 24940
24788 24804
25477 25492
24906 24920
25767 25782
25693 25708
25124 25161
25239 25254
24999 25013
25295 25310
25088 25104
25375 25390
25229 25245
25813 25828
24883 24899
24827 24842
25511 25526
25675 25690
25369 25385
25806 25822
24734 24750
25458 25472
25253 25268
25280 25295
24816 24832
25315 25330
25099 25115
