21752 115634
19683 111790
20572 114516
20179 113010
20385 112599
19539 109605
18766 109484
18558 106775
19930 110000
20000 110839
18889 106364
18504 106688
18708 106197
19048 107034
18963 107485
20063 110489
19961 112687
19871 110106
20170 110620
20080 110953
19895 110577
20034 111025
18869 106794
19789 110130
19528 111159
20167 110140
19830 110685
20028 111300
19671 109298
19847 110792
19637 107221
18664 106666
18270 106410
20080 110956
19737 110521
19937 110907
18903 106491
19799 111175
20189 110625
19765 110514
19750 111909
18622 106586
19869 110725
18885 107253
20264 111374
19751 111237
20376 110366
19727 112843
18721 107100
19837 111460
18815 107745
18427 106249
18796 106416
20293 110468
19876 110688
19725 110515
19975 110153
20517 111575
18473 106999
18953 107162
18437 107279
20072 110666
18955 106690
20219 111673
19828 110343
18773 107113
19713 110639
19896 110752
19665 110982
19888 110734
19017 107691
18727 106771
19900 110326
19764 110390
19861 110209
19966 110369
20002 112118
19463 110950
18640 107502
18620 106113
19842 111663
18758 108474
19970 110245
19858 111706
20020 111086
19812 111133
20000 110698
19837 110116
19983 111541
19220 108064
19916 110020
18914 109101
20099 111914
18865 106260
20107 111204
18514 105741
19424 112428
19946 110671
20021 110128
20009 112086
