6440 6574
6863 6958
7483 7578
7539 7702
8320 8946
8149 8217
8431 9330
8840 9061
7577 7702
8142 8215
7303 7389
8860 9179
8096 8335
8761 8973
8590 8959
7793 8001
8373 8566
7756 8140
8290 9315
8004 8636
9207 9763
8074 8569
7727 7800
8915 9019
7730 7809
8487 8623
8339 8677
8138 8901
9390 10035
7740 7853
8514 9113
7965 8017
7900 8113
8296 8557
8083 8585
9945 9996
8443 8588
9053 9649
7288 7362
7532 7775
8642 8815
8679 8858
9313 9538
8169 8344
8886 9146
7960 8111
7312 7348
8638 9561
8257 8651
8710 10379
8143 8207
8387 8618
7856 7875
7774 8012
8732 8859
9048 9244
9096 9394
7888 8156
8423 8637
8259 8311
7799 7818
8857 9188
8335 8866
7888 9300
8286 8437
7951 8161
9119 9232
7881 7932
9056 9227
7701 7878
8961 9989
7639 8224
7731 8320
9394 9461
7783 8058
9739 9881
7864 8031
8874 9027
8597 8821
7985 8246
9342 9449
8300 8612
8624 8733
9186 9381
8394 8624
8883 9211
8198 8326
8707 9083
7717 7833
8935 9073
8192 8256
8438 8852
9795 10079
7944 8665
9365 9486
8756 8854
8478 8820
7910 8047
8594 8706
9465 9598
