65395 65917
73221 73794
69838 70186
71462 71921
65018 65386
66424 66757
65183 65458
68553 68914
66290 66796
67428 67742
67893 68800
66523 66841
68277 68675
64667 65114
67083 67549
72272 72759
70017 70655
67441 67880
66435 66753
67983 68427
71539 72061
67582 68170
68481 68878
73099 73468
68515 68992
65860 66351
66754 67141
66510 66979
67991 68265
68777 69297
69934 70541
72845 73186
74534 74974
71660 72153
69709 70097
74160 74535
69953 70362
69801 70252
69831 70334
67513 68435
68903 69590
71323 71712
69138 69605
71371 71742
74689 75171
74866 75476
71413 71880
74729 74978
69704 69942
79104 79573
68570 68899
73002 73516
68946 69284
68191 68471
67954 68398
70604 70851
68367 68627
69352 69709
68564 68957
71764 72121
69795 70413
70130 70784
74528 74807
68054 68477
78984 79541
69425 70068
73863 74141
70007 70345
79422 79696
73259 73737
74153 74586
75408 75885
73270 73524
68189 68809
70896 71494
74205 74454
73049 73545
67758 68585
68189 68782
70774 71178
83774 84162
70912 71336
71611 71886
80556 80948
70487 70942
68641 69133
72899 73199
65925 66536
68353 68853
73730 74179
69156 69396
68420 68647
77909 78288
71909 72169
72220 72852
68201 68601
72085 72384
71446 71758
70983 71409
72539 73026
