439485
349956
528244
514949
374203
415240
514182
374640
512661
477661
499783
415656
429911
453383
462867
556549
561593
396701
490358
512452
395899
409109
442247
421518
425563
389827
402789
375198
383678
346255
398470
443277
385836
364801
488977
391582
363430
344843
407284
468277
435858
417628
381510
394995
414690
502837
428463
386358
433406
433719
385194
428664
453027
469793
467281
375342
400100
379363
399679
377403
407794
380698
418938
368117
374395
424715
371344
384618
399630
400295
424819
419768
437291
373272
413376
400266
485216
405491
404424
420842
351289
518679
437505
416776
398050
401948
433834
380759
433764
432342
417390
444202
354674
397087
433662
413539
393788
400605
417167
364887
