76603
74754
80564
77918
75503
78265
81968
75997
75432
79597
75454
79524
79169
80359
86165
83408
76574
78374
79714
76394
80664
80104
84328
85802
78668
81755
85881
85431
80938
80501
82857
82282
79297
81993
85171
84578
78771
83726
89661
80231
89822
82453
80697
81302
80790
84201
77862
81220
83402
81879
100151
86563
80326
81994
85508
86425
88945
85019
81052
87436
90106
90618
96914
81683
81822
98498
85692
86287
85039
79028
84502
87734
79669
97586
84900
84097
84099
89033
89813
83041
85909
83443
86719
88967
92827
89466
87285
86754
89118
84083
87149
86165
84463
88460
85961
100643
103155
80897
89203
83337
