226765
247825
230148
255934
241107
235648
249516
231377
234405
241719
271642
272836
238560
242870
230158
231398
236047
252806
268652
225314
238834
243251
234079
244348
255325
249612
254953
232838
245915
239394
233353
232904
240642
241444
272849
244551
244761
237342
234617
238547
235910
245974
260301
255337
240900
256450
230938
233626
240055
240028
258101
256803
245896
244103
236738
240255
240066
241884
267090
269137
248998
244387
240653
235171
245491
246100
250526
274083
251602
243764
238642
239951
241166
235145
246362
265713
248624
240010
236457
233897
250159
236492
239718
302551
251138
246422
238358
236762
244381
236307
236261
289034
256926
246526
241257
237887
249281
235408
242634
257011
