20228 115140
19800 111022
19786 111191
20562 114291
20236 112569
20156 114040
20310 112889
20004 111968
18966 109524
20505 112317
20274 113351
20204 112503
20110 112496
19146 108947
19112 107908
20017 115669
21282 113559
20436 112080
20194 113026
19247 108864
20258 112207
18956 108826
20539 112498
19059 108672
20322 112164
18764 108775
19934 112989
19225 107996
20247 112653
20315 111613
20551 112070
19043 108347
20052 113022
20039 111741
19723 108918
18655 107097
20084 111570
19388 107552
19949 125647
18942 107526
20623 111648
19816 112180
20058 111080
18905 107405
19922 111246
20060 112496
20049 112284
19813 110319
18757 106760
19932 111436
20204 110790
19780 111585
19901 111356
20011 110788
20392 114214
19080 107212
19893 110716
18631 107753
18701 106814
19589 111723
19065 108069
19064 106184
19902 111219
19777 111067
20046 112609
20030 110281
20111 110762
19760 112397
20237 111289
20012 111635
20048 110466
20275 109991
19870 110403
20116 110073
20104 110415
18825 107409
18879 106169
19585 113270
19031 107016
19644 111228
20029 111417
20660 112551
20134 113089
20133 111456
19113 108313
20109 112274
20681 110982
19699 109495
18744 107359
19597 109036
18673 109924
20115 111264
19022 107411
18992 108733
18967 106951
19835 113160
20091 112153
18880 107667
18822 108055
18840 106656
