6325 6826
9895 10015
10934 11845
11192 11845
9658 10009
9052 9648
9108 9130
8276 8445
10633 10940
8751 9152
8847 9160
10956 11375
9023 9139
12035 12257
14457 14587
11995 12135
10197 10326
8096 8222
8537 10059
9090 9217
8458 8713
8583 8898
8072 8574
10640 10990
9151 9320
8378 8967
10673 11291
8325 8638
11626 11923
8372 8472
9332 9386
10037 10136
8768 9191
11162 11275
7811 8238
9170 9606
8200 8305
9090 9531
8401 8514
8941 9839
9005 9147
8124 8477
9091 9351
8204 8365
10535 10770
8337 8570
8250 9543
10604 10659
8666 8887
10306 10434
8324 8785
11193 11310
11853 13064
8691 9040
10686 10831
7451 7602
9093 9716
10247 10504
8958 9173
8963 9337
7864 8274
8977 9334
7663 7807
9728 9883
8977 9192
8668 9252
9592 9845
8503 8673
9949 10219
7869 8001
8963 9765
8752 8812
8598 9284
9778 9928
8157 8422
9134 9249
7719 7770
9489 9660
8252 8582
9143 9768
10551 10688
9857 10089
9766 9976
7971 8071
9041 9208
10460 11046
8751 8894
8717 9573
8264 8561
9506 9771
8005 8273
10475 10999
9999 10271
8652 9355
9309 9493
7698 8531
9292 9315
9209 9291
9018 9498
9815 9918
