66914 67589
76734 77208
76497 77040
71904 72335
72272 72788
70865 71644
74832 75494
73991 74515
77614 77815
72245 72843
75054 75354
70493 71166
79785 80210
72696 73198
78576 79015
70951 71215
71092 71740
74319 74688
66735 67237
71816 72147
79594 79978
70603 71069
69507 70223
76277 76575
69243 69876
68029 68228
69262 69595
70831 71153
76476 76881
72313 72888
90996 91269
73982 74242
71834 72179
66037 66314
68872 69219
72290 72685
71982 72329
68941 69469
71398 71757
73956 75108
67040 67409
66972 67300
67715 68035
68380 68650
72553 72844
82095 82555
71066 71404
67158 67533
70009 70372
75598 75852
83116 83492
75167 75672
71954 72279
70751 71395
72544 73106
74768 75202
76963 77459
82791 83016
76372 76632
75905 76443
67569 67988
71771 72135
67065 67438
71262 71809
69212 69583
71167 71674
71720 72214
77336 77718
69830 70381
68228 68922
78882 79299
91559 92369
75180 75575
65517 66164
70317 70651
67157 67490
70458 71139
67774 68139
82986 83629
67942 68218
71569 71918
69011 69404
69945 70510
71594 72062
75864 76187
73778 74167
76435 76751
72988 73319
70971 71237
77329 77515
81822 82045
74292 74714
69933 70431
70124 70522
67627 68195
73771 74095
71317 71927
69368 69931
69994 70406
75783 76254
